10 11 12 13 14 18 9 
18 
10 12 18 
18 
5 6 
5 6 
1 
1 10 11 12 18 5 6 9 
5 
5 
1 10 11 12 13 18 5 6 9 
10 
1 
5 
9 
6 
1 
1 
1 
1 
1 
1 
1 
11 
5 
1 
18 
5 
18 
10 
18 
5 
14 
5 
5 
6 
5 
6 
6 
13 6 
6 
6 
13 6 
14 
6 
6 
11 
6 
6 
6 
1 12 
6 
14 
6 
13 
1 
6 
6 
6 
5 
5 
5 
11 
6 
12 13 18 5 6 
1 6 
9 
1 
18 
12 
13 
13 
1 
1 
1 
1 
6 
11 
13 
6 
1 
1 
5 
12 
5 
5 
5 
18 
6 
6 
10 
6 
6 
1 
5 9 
6 
6 
5 9 
6 
1 
1 12 
13 
13 
11 
13 
13 
14 
14 
5 
6 
5 
5 
6 
18 
13 
14 
6 
11 
6 
14 
11 18 
6 
1 
1 
1 
18 
6 
6 
13 
6 
1 
1 
1 
1 
1 
1 
1 
1 
13 
5 
5 
10 18 
13 
13 
11 
13 
1 
6 
11 
11 
6 
6 
6 
14 18 
11 
13 
5 
5 
1 
1 
5 
10 
13 
13 
11 
6 
13 
5 
1 
1 
6 
1 
6 
1 
6 
6 
14 
14 
12 
6 
6 
5 
14 
10 
1 
6 
1 
6 
11 
12 
6 
6 
6 
6 
1 
14 
11 13 6 
10 11 12 13 14 18 9 
10 11 12 13 14 18 9 
13 
9 
6 
5 
1 
5 
6 
12 9 
1 
1 
6 
1 
11 
1 
1 
18 
13 
5 
1 
14 
14 
1 
5 
1 
12 
18 
18 
1 
6 
10 
1 
11 
9 
9 
11 
1 
10 
10 
10 
5 
1 
5 
18 
18 
9 
18 
12 18 
1 
1 
1 
10 
5 
18 
1 
5 
18 
18 
18 
1 
18 
5 
11 
1 
5 
10 
18 
18 
18 
18 
5 
1 
18 
5 
6 
1 12 5 6 
1 
18 
6 
12 
18 
10 
18 
5 
5 
5 
11 13 14 
13 
5 
1 18 
10 12 18 9 
12 18 
13 
1 5 
18 
6 
1 5 
6 
1 
18 
18 
12 
18 
5 
6 
6 
1 
5 
11 
18 
10 
12 
12 
6 
18 
6 
6 
1 6 
1 
10 
12 
1 18 6 
18 
18 
10 
5 
11 12 14 
13 
5 
11 14 
1 
14 
11 
12 
12 
12 
5 
5 
1 
12 
6 
13 
5 
9 
13 
18 
5 
9 
12 13 14 18 
6 
5 
6 
1 
5 
5 
5 
5 
13 
13 14 
1 
18 
10 
18 
9 
9 
18 
6 
10 
12 
10 
1 
1 
11 14 
13 
1 
5 6 
6 
6 
6 
10 
10 
10 
10 
10 
1 10 12 5 6 9 
1 
1 
1 
1 5 
18 
1 
5 
5 
6 
18 
5 6 
1 
10 
5 
5 
5 
11 
11 
1 
18 
1 10 12 18 9 
10 
18 
12 18 
18 
10 
12 
1 13 18 5 
1 
1 
1 
1 
18 
1 10 18 6 9 
1 
1 10 18 9 
18 
1 10 13 18 5 6 
18 
9 
18 
10 12 
12 
9 
1 10 
1 
1 
18 
1 
1 
1 12 5 6 9 
1 10 9 
9 
1 5 
11 
5 
1 
1 10 12 18 
1 
1 18 
12 
18 
18 
14 18 
18 
6 9 
1 
18 
6 
1 
10 
1 
13 
12 9 
1 
11 
13 
10 
1 
10 
10 
1 
1 
1 
10 9 
10 12 18 9 
10 
10 
10 
12 
12 
12 
1 
10 
1 
10 
1 
5 
10 
5 
13 
1 6 
1 
11 12 13 14 18 
1 
1 
10 12 
1 
18 
12 
12 
1 
10 
18 
6 
1 
9 
13 
14 
1 10 11 12 14 18 
10 
1 
1 
1 
1 
12 
1 18 
1 12 18 
12 
18 
18 
1 
1 
12 18 
1 
18 
10 
5 
18 
10 
1 
1 
10 18 
13 
10 
10 
1 
18 
12 
18 
1 
1 6 
1 
11 
18 
5 
1 
5 
1 
1 6 
12 
12 18 
1 
10 11 9 
5 
5 6 
18 
1 10 13 18 5 6 9 
10 
11 
13 
18 
11 13 18 9 
18 
6 
10 
11 
10 
1 
1 
5 6 
6 
1 
1 
1 10 18 
1 5 
1 
10 
12 
10 
1 
1 
1 
10 
10 
18 
10 
1 
1 12 18 6 9 
1 
11 
10 12 
10 9 
10 
1 12 18 
12 
1 10 12 18 
1 10 12 18 9 
1 
1 
10 
1 12 18 
1 12 18 
5 
1 
10 
12 
18 
1 
12 
1 
18 
13 
1 
10 11 12 13 14 18 9 
1 
18 
10 
1 
12 
10 
5 
12 
1 
9 
1 
12 
1 
1 10 11 12 13 14 9 
6 
10 
13 14 
1 
5 
5 
1 
5 
1 
13 
13 6 
13 
1 
1 10 11 
1 
1 
10 
1 10 11 12 13 18 6 9 
18 
1 
6 
6 
1 
1 
10 14 
1 
1 
13 
10 
11 12 13 
18 
10 12 
1 
18 
1 10 
10 
13 
10 12 18 
1 10 11 5 
18 
1 18 
13 
10 
1 
1 
13 
6 
10 5 
1 
10 
13 18 
18 
18 
1 
10 
6 
13 
12 
18 
18 
1 
18 
1 
10 
11 13 
1 
12 18 
18 
5 
1 
9 
9 
5 
18 
1 
6 
12 
1 
10 
18 
12 
18 5 
12 
5 
1 
12 
1 
10 
10 
1 
1 10 12 18 9 
10 
1 12 18 
1 18 
1 
1 
1 
12 13 
10 12 18 
18 
9 
10 9 
1 
6 
1 
18 
6 
6 
11 13 
13 
1 
13 
18 
1 10 
1 
9 
1 
1 
1 
1 
10 12 9 
10 
6 
12 
1 
10 
11 18 
10 
10 
1 
10 
12 
1 12 18 
1 10 12 18 5 9 
1 6 
1 
12 
18 
1 12 
18 6 
1 
6 
5 
1 
10 
10 
1 
1 10 12 18 6 9 
18 
1 
6 
18 
1 10 6 
13 
9 
12 
1 10 
10 18 
18 
18 
18 
1 
9 
11 13 14 
10 
1 18 
18 
1 
1 
1 
12 
1 
1 10 6 
5 6 
5 
5 
18 
1 
1 12 18 
1 12 
10 
1 10 12 18 
1 12 18 
18 
1 
